121
-1.1944
340282346638528859811704183484516925440.0000
-1.6417
-1.8653
-2.0889
-2.3125
-2.5361
340282346638528859811704183484516925440.0000
-2.9833
-3.2069
-3.4305
-0.3578
-0.5814
-0.8050
-1.0286
-1.2522
-1.4758
-1.6994
-1.9230
-2.1466
-2.3702
-2.5938
0.4789
0.2553
0.0317
-0.1919
340282346638528859811704183484516925440.0000
-0.6392
-0.8628
-1.0864
-1.3100
-1.5336
-1.7572
1.3155
1.0919
0.8683
0.6447
0.4211
0.1975
-0.0261
-0.2497
-0.4733
-0.6969
-0.9205
2.1522
1.9286
1.7050
1.4814
1.2578
1.0342
0.8106
0.5870
0.3633
0.1397
-0.0839
2.9889
2.7652
340282346638528859811704183484516925440.0000
2.3180
2.0944
1.8708
1.6472
1.4236
1.2000
0.9764
0.7528
3.8255
3.6019
3.3783
3.1547
2.9311
2.7075
2.4839
2.2603
2.0367
1.8131
1.5895
4.6622
4.4386
4.2150
3.9914
3.7678
3.5441
3.3205
340282346638528859811704183484516925440.0000
2.8733
2.6497
2.4261
5.4988
5.2752
5.0516
4.8280
4.6044
4.3808
4.1572
3.9336
3.7100
3.4864
3.2628
6.3355
6.1119
5.8883
5.6647
5.4411
5.2175
4.9939
4.7703
340282346638528859811704183484516925440.0000
4.3230
4.0994
7.1722
6.9486
6.7249
6.5014
6.2777
6.0541
5.8305
5.6069
5.3833
5.1597
4.9361
